0	0	0	0	0	0	2.2659	0	0	0	0	0	0	
0	0	0	0	0	0	-6.71077	0	0	0	7.63771	0	0	
0	0	0	0	0	0	0	4.29571	0	0	6.16026	0	0	
0	0	0	0	0	0	0	0	-0.199911	0	2.45168	0	0	
0	0	0	0	0	0	0	0	0	9.46533	-2.88114	0	0	
0	0	0	0	0	0	0	0	0	0	7.59539	-4.10855	0	
0	0	0	0	0	0	9.779	4.86662	0	0	9.82749	0	0	
0	0	0	0	0	0	0	-0.714121	6.06177	0	4.44238	0	0	
0	0	0	0	0	0	0	0	0.377267	3.83857	-0.238572	0	0	
0	0	0	0	0	0	0	0	0	1.39556	4.92853	-3.13125	8.25878	
0	0	0	0	0	0	4.8027	0.269122	-6.66402	8.31424	-3.25859	0	0	
0	0	0	0	0	0	0	0	0	0	-5.92282	0	-5.53306	
0	0	0	0	0	0	0	0	0	0	0	0	0