0	0	0	0	0	0	-3.02592	0	0	0	0	0	0	
0	0	0	0	0	0	5.64908	0	0	0	-9.85484	0	0	
0	0	0	0	0	0	0	-4.80518	0	0	-7.49547	0	0	
0	0	0	0	0	0	0	0	5.33563	0	3.92069	0	0	
0	0	0	0	0	0	0	0	0	-2.66368	-0.229974	0	0	
0	0	0	0	0	0	0	0	0	0	9.81225	0.989899	0	
0	0	0	0	0	0	1.86157	-1.69518	0	0	2.52162	0	0	
0	0	0	0	0	0	0	9.77595	9.09643	0	-7.61185	0	0	
0	0	0	0	0	0	0	0	4.97144	-4.89906	-4.37033	0	0	
0	0	0	0	0	0	0	0	0	7.50172	-2.78531	-8.32322	-0.558367	
0	0	0	0	0	0	9.26749	6.75796	-1.04366	4.45038	-8.13998	0	0	
0	0	0	0	0	0	0	0	0	0	-3.9622	0	8.069	
0	0	0	0	0	0	0	0	0	0	0	0	0