0	0	0	0	0	0	7.34308	0	0	0	0	0	0	
0	0	0	0	0	0	-3.47122	0	0	0	-2.24499	0	0	
0	0	0	0	0	0	0	-5.98544	0	0	-6.07141	0	0	
0	0	0	0	0	0	0	0	6.12374	0	1.56464	0	0	
0	0	0	0	0	0	0	0	0	-6.34364	5.79008	0	0	
0	0	0	0	0	0	0	0	0	0	1.48893	-2.66371	0	
0	0	0	0	0	0	3.59154	6.75889	0	0	-3.75668	0	0	
0	0	0	0	0	0	0	-4.4323	3.77785	0	-7.63227	0	0	
0	0	0	0	0	0	0	0	-4.49768	-3.39262	2.58822	0	0	
0	0	0	0	0	0	0	0	0	-7.36976	-8.70649	0.389191	3.60674	
0	0	0	0	0	0	-4.21987	3.79651	1.26644	5.99637	5.09397	0	0	
0	0	0	0	0	0	0	0	0	0	2.64314	0	4.67795	
0	0	0	0	0	0	0	0	0	0	0	0	0