0	0	0	0	0	0	3.42488	0	0	0	0	0	0	
0	0	0	0	0	0	7.81912	0	0	0	3.5007	0	0	
0	0	0	0	0	0	0	7.44814	0	0	7.47443	0	0	
0	0	0	0	0	0	0	0	3.32936	0	5.91458	0	0	
0	0	0	0	0	0	0	0	0	-8.86091	4.95798	0	0	
0	0	0	0	0	0	0	0	0	0	5.32025	-1.22456	0	
0	0	0	0	0	0	5.44488	-6.64432	0	0	-6.38949	0	0	
0	0	0	0	0	0	0	-0.596635	7.23295	0	2.30659	0	0	
0	0	0	0	0	0	0	0	0.672984	2.7394	-8.39154	0	0	
0	0	0	0	0	0	0	0	0	6.19823	-7.27822	-2.33529	9.78758	
0	0	0	0	0	0	2.51398	-9.36491	3.78254	1.38437	5.54322	0	0	
0	0	0	0	0	0	0	0	0	0	0.36631	0	-0.257418	
0	0	0	0	0	0	0	0	0	0	0	0	0