0	0	0	0	0	0	-2.19697	0	0	0	0	0	0	
0	0	0	0	0	0	-6.56814	0	0	0	-5.53243	0	0	
0	0	0	0	0	0	0	-6.86972	0	0	0.418224	0	0	
0	0	0	0	0	0	0	0	9.00391	0	-0.921158	0	0	
0	0	0	0	0	0	0	0	0	-3.85784	4.85881	0	0	
0	0	0	0	0	0	0	0	0	0	-6.89412	7.76509	0	
0	0	0	0	0	0	1.12675	-6.20108	0	0	7.67268	0	0	
0	0	0	0	0	0	0	0.173634	1.1425	0	-6.70434	0	0	
0	0	0	0	0	0	0	0	5.26216	8.85695	5.05815	0	0	
0	0	0	0	0	0	0	0	0	1.44258	1.79765	4.23352	7.2837	
0	0	0	0	0	0	-7.43614	-6.90763	-9.41568	-0.58466	8.14374	0	0	
0	0	0	0	0	0	0	0	0	0	-5.97958	0	2.50279	
0	0	0	0	0	0	0	0	0	0	0	0	0