0	0	0	0	0	0	-7.44765	0	0	0	0	0	0	
0	0	0	0	0	0	7.67111	0	0	0	2.03232	0	0	
0	0	0	0	0	0	0	0.00186048	0	0	1.05225	0	0	
0	0	0	0	0	0	0	0	5.4645	0	-3.6357	0	0	
0	0	0	0	0	0	0	0	0	-9.82612	-1.10064	0	0	
0	0	0	0	0	0	0	0	0	0	-1.74787	4.84674	0	
0	0	0	0	0	0	-6.10239	-0.10156	0	0	9.73339	0	0	
0	0	0	0	0	0	0	-9.42382	-4.27163	0	7.94776	0	0	
0	0	0	0	0	0	0	0	-8.66305	0.931961	-9.76907	0	0	
0	0	0	0	0	0	0	0	0	-2.57111	-4.60415	-6.55728	-4.27101	
0	0	0	0	0	0	3.83593	-0.0462384	8.32816	-0.926344	-2.55116	0	0	
0	0	0	0	0	0	0	0	0	0	-9.62776	0	5.98096	
0	0	0	0	0	0	0	0	0	0	0	0	0