0	0	0	0	0	0	3.68441	0	0	0	0	0	0	
0	0	0	0	0	0	-5.40392	0	0	0	-1.91781	0	0	
0	0	0	0	0	0	0	-6.93802	0	0	-7.24485	0	0	
0	0	0	0	0	0	0	0	0.152617	0	-5.84665	0	0	
0	0	0	0	0	0	0	0	0	-8.22893	1.56424	0	0	
0	0	0	0	0	0	0	0	0	0	-3.46633	4.32198	0	
0	0	0	0	0	0	-4.87161	-5.66195	0	0	-4.40621	0	0	
0	0	0	0	0	0	0	5.20014	-5.16863	0	9.66895	0	0	
0	0	0	0	0	0	0	0	-7.07605	6.57787	0.518663	0	0	
0	0	0	0	0	0	0	0	0	-0.262464	7.15469	-2.40719	5.00147	
0	0	0	0	0	0	7.69269	5.17442	-1.0935	8.02946	9.57123	0	0	
0	0	0	0	0	0	0	0	0	0	-8.9395	0	-9.58069	
0	0	0	0	0	0	0	0	0	0	0	0	0