0	0	0	0	0	0	-7.361	0	0	0	0	0	0	
0	0	0	0	0	0	-6.904	0	0	0	5.10435	0	0	
0	0	0	0	0	0	0	-1.63514	0	0	4.77984	0	0	
0	0	0	0	0	0	0	0	4.31518	0	-8.44251	0	0	
0	0	0	0	0	0	0	0	0	-6.28961	-0.0662716	0	0	
0	0	0	0	0	0	0	0	0	0	-5.09707	-0.925804	0	
0	0	0	0	0	0	4.11347	1.81585	0	0	-7.48916	0	0	
0	0	0	0	0	0	0	-9.59995	-3.13081	0	4.1626	0	0	
0	0	0	0	0	0	0	0	-4.81164	8.5967	7.24616	0	0	
0	0	0	0	0	0	0	0	0	8.53307	4.53567	8.65078	9.54248	
0	0	0	0	0	0	3.87488	-9.30571	2.73378	3.34362	-8.89063	0	0	
0	0	0	0	0	0	0	0	0	0	2.71212	0	-7.49987	
0	0	0	0	0	0	0	0	0	0	0	0	0