0	0	0	0	0	0	3.8755	0	0	0	0	0	0	
0	0	0	0	0	0	0.905585	0	0	0	-3.22734	0	0	
0	0	0	0	0	0	0	-2.69887	0	0	3.5758	0	0	
0	0	0	0	0	0	0	0	6.4577	0	9.87748	0	0	
0	0	0	0	0	0	0	0	0	-9.76512	-6.69176	0	0	
0	0	0	0	0	0	0	0	0	0	9.69406	-1.13829	0	
0	0	0	0	0	0	-5.18765	4.38813	0	0	6.18642	0	0	
0	0	0	0	0	0	0	-2.91235	-6.20515	0	-3.67528	0	0	
0	0	0	0	0	0	0	0	-7.94816	-1.33317	-2.90908	0	0	
0	0	0	0	0	0	0	0	0	3.18052	-4.2643	7.57413	6.27214	
0	0	0	0	0	0	6.91694	3.81628	4.69913	0.855344	0.503239	0	0	
0	0	0	0	0	0	0	0	0	0	-5.65275	0	3.59124	
0	0	0	0	0	0	0	0	0	0	0	0	0