0	0	0	0	0	0	7.75448	0	0	0	0	0	0	
0	0	0	0	0	0	6.86827	0	0	0	2.72426	0	0	
0	0	0	0	0	0	0	3.56588	0	0	8.54207	0	0	
0	0	0	0	0	0	0	0	3.87085	0	0.918935	0	0	
0	0	0	0	0	0	0	0	0	-4.75238	-7.63729	0	0	
0	0	0	0	0	0	0	0	0	0	5.25033	-9.68451	0	
0	0	0	0	0	0	-8.41824	9.94293	0	0	6.8973	0	0	
0	0	0	0	0	0	0	0.112427	-4.89619	0	-9.19452	0	0	
0	0	0	0	0	0	0	0	-2.77268	-7.26477	-1.08141	0	0	
0	0	0	0	0	0	0	0	0	8.50553	6.93258	-8.9016	5.69674	
0	0	0	0	0	0	-2.83735	2.67719	8.38729	5.87741	1.57551	0	0	
0	0	0	0	0	0	0	0	0	0	-6.0455	0	-4.85966	
0	0	0	0	0	0	0	0	0	0	0	0	0