#No	 Out	 A	 B	 C	 N0	 N1	 N2
-1	 -70	 -100	 -100	 -100	 -70	 -70	 -70
0	-70	0	-100	-100	-70	-70	-70	
1	-70	0	-100	-100	-45.5	-70	-70	
2	-70	0	-100	-100	-17.1112	-70	-70	
3	-70	0	-100	-100	0	-70	-70	
4	-70	0	-100	-100	-58	-52.85	-70	
5	-70	0	-100	-100	0	-43.3248	-70	
6	-70	-100	-100	-100	-58	-24.4413	-70	
7	-70	-100	-100	-100	0	0	-70	
8	-70	-100	-100	-100	-58	-58	-70	
9	-70	-100	-100	-100	-6.07499	-35.3274	-70	
10	-70	-100	-100	-100	0	0	-70	
11	-70	-100	-100	-100	-58	-58	-70	
12	-70	-100	-100	-100	-17.5349	-35.3433	-70	
13	-70	-100	-100	-100	0	0	-70	
14	-70	-100	-100	-100	-58	-58	-70	
15	-69.9999	-100	-100	-100	-23.4083	-35.3571	-70	
16	-69.9999	-100	-100	-100	0	0	-70	
17	-69.9999	-100	-100	-100	-58	-58	-70	
18	-69.9999	-100	-100	-100	-26.421	-35.3695	-70	
19	-69.9999	-100	-100	-100	0	0	-70	
20	-69.9999	-100	-100	-100	-58	-58	-70	
21	-69.9999	-100	-100	-100	-27.9687	-35.3808	-70	
22	-69.9999	-100	-100	-100	0	0	-70	
23	-69.9999	-100	-100	-100	-58	-58	-70	
24	-69.9999	-100	-100	-100	-28.766	-35.3913	-70	
25	-69.9999	-100	-100	-100	0	0	-70	
26	-69.9999	-100	-100	-100	-58	-58	-70	
27	-69.9999	-100	-100	-100	-29.1787	-35.401	-70	
28	-69.9999	-100	-100	-100	0	0	-70	
29	-69.9999	-100	-100	-100	-58	-58	-70	
30	-69.9999	0	-100	-100	-29.3942	-35.41	-70	
31	-69.9999	0	-100	-100	0	0	-70	
32	-69.9999	0	-100	-100	-58	-58	-70	
33	-69.9999	0	-100	-100	0	-35.4184	-70	
34	-69.9999	0	-100	-100	-58	0	-70	
35	-69.9999	0	-100	-100	0	-58	-70	
36	-69.9999	-100	-100	-100	-58	-23.4898	-70	
37	-69.9999	-100	-100	-100	0	0	-70	
38	-69.9999	-100	-100	-100	-58	-58	-70	
39	-69.9999	-100	-100	-100	0	-29.3261	-70	
40	-69.9999	-100	-100	-100	-58	0	-70	
41	-69.9999	-100	-100	-100	-15.5401	-58	-70	
42	-69.9999	-100	-100	-100	0	-34.5907	-70	
43	-69.9999	-100	-100	-100	-58	0	-70	
44	-69.9999	-100	-100	-100	-27.5381	-58	-70	
45	-69.9999	-100	-100	-100	0	-37.2881	-70	
46	-69.9999	-100	-100	-100	-58	0	-70	
47	-69.9999	-100	-100	-100	-33.6825	-58	-70	
48	-69.9999	-100	-100	-100	0	-38.6709	-70	
49	-69.9999	-100	-100	-100	-58	0	-70	
50	-69.9999	-100	-100	-100	-36.8299	-58	-70	
51	-69.9999	-100	-100	-100	0	-39.3805	-70	
52	-69.9999	-100	-100	-100	-58	-0.665721	-70	
53	-69.9999	-100	-100	-100	-38.4427	0	-70	
54	-69.9999	-100	-100	-100	0	-58	-70	
55	-69.9999	-100	-100	-100	-58	-29.3561	-70	
56	-69.9999	-100	-100	-100	-36.996	0	-70	
57	-69.9999	-100	-100	-100	0	-58	-70	
58	-69.9999	-100	-100	-100	-58	-29.5096	-70	
59	-69.9999	-100	-100	-100	-36.2572	0	-70	
60	-69.9999	-100	-10	-100	0	-58	-70	
61	-69.9999	-100	-10	-100	-58	-29.5906	-68.285	
62	-69.9999	-100	-10	-100	-44.9528	0	-65.8527	
63	-69.9999	-100	-10	-100	-56.6065	-58	-63.0784	
64	-69.9999	-100	-10	-100	-45.8875	-43.8442	-60.1385	
65	-69.9999	-100	-10	-100	-62.2644	-34.1331	-57.1346	
66	-69.9999	-100	-100	-100	-54.9863	0	-54.1341	
67	-69.9999	-100	-100	-100	-60.5059	-58	-52.5072	
68	-69.9999	-100	-100	-100	-43.4135	-52.6756	-51.6513	
69	-69.9999	-100	-100	-100	-47.7266	-49.2647	-51.2631	
70	-69.9999	-100	-100	-100	-49.1313	-47.0256	-51.1801	
71	-69.9999	-100	-100	-100	-49.5032	-45.3875	-51.3088	
72	-69.9999	-100	-100	-100	-49.8033	-43.8504	-51.5905	
73	-69.9999	-100	-100	-100	-50.1205	-41.6766	-51.9853	
74	-69.9999	-100	-100	-100	-50.4713	-35.7236	-52.464	
75	-69.9999	-100	-100	-100	-50.8603	0	-53.0041	
76	-69.9999	-100	-100	-100	-51.2881	-58	-53.588	
77	-69.9999	-100	-100	-100	-39.1882	-57.9859	-54.2016	
78	-69.9999	-100	-100	-100	-12.35	-58.134	-54.8336	
79	-69.9999	-100	-100	-100	0	-58.4021	-55.475	
80	-69.9999	-100	-100	-100	-58	-44.4492	-58.6604	
81	-69.9999	-100	-100	-100	-52.1999	-35.3502	-60.7457	
82	-69.9999	-100	-100	-100	-48.8083	0	-62.1936	
83	-69.9999	-100	-100	-100	-46.7162	-58	-63.2509	
84	-69.9999	-100	-100	-100	-33.7743	-52.8102	-64.0571	
85	-69.9999	-100	-100	-100	0	-49.482	-64.6952	
86	-69.9999	-100	-100	-100	-58	-35.1841	-66.145	
87	-69.9999	-100	-100	-100	-49.7963	0	-67.0404	
88	-69.9999	-100	-100	-100	-44.8242	-58	-67.6359	
89	-69.9999	-100	-100	-100	-29.6628	-49.565	-68.0569	
90	-69.9999	-100	-10	-100	0	-44.3492	-68.3703	
91	-69.9999	-100	-10	-100	-58	-28.7612	-67.224	
92	-69.9999	-100	-10	-100	-57.6527	0	-64.9952	
93	-69.9999	-100	-10	-100	-62.9968	-58	-62.2034	
94	-69.9999	-100	-10	-100	-49.6718	-48.5071	-59.136	
95	-69.9999	-100	-10	-100	-65.2742	-42.6862	-55.9661	
96	-69.9999	-100	-100	-100	-58.066	-35.534	-52.8028	
97	-69.9999	-100	-100	-100	-63.0094	0	-51.0002	
98	-69.9999	-100	-100	-100	-61.2397	-58	-49.9944	
99	-69.9999	-100	-100	-100	-46.6261	-55.4377	-49.485	
100	-69.9999	-100	-100	-100	-48.7715	-53.7901	-49.3088	
101	-69.9999	-100	-100	-100	-49.3118	-52.7919	-49.3741	
102	-69.9999	-100	-100	-100	-49.6541	-52.2628	-49.6241	
103	-69.9999	-100	-100	-100	-49.9875	-52.0788	-50.0191	
104	-69.9999	-100	-100	-100	-50.347	-52.1525	-50.5273	
105	-69.9999	-100	-100	-100	-50.7422	-52.4205	-51.1215	
106	-69.9999	-100	-100	-100	-51.1754	-52.8344	-51.7783	
107	-69.9999	-100	-100	-100	-51.6462	-53.3561	-52.4778	
108	-69.9999	-100	-100	-100	-52.1528	-53.9553	-53.2039	
109	-69.9999	-100	-100	-100	-52.6918	-54.6078	-53.9437	
110	-69.9999	-100	-100	-100	-53.2596	-55.2944	-54.687	
111	-69.9999	-100	-100	-100	-53.8518	-55.9999	-55.426	
112	-69.9999	-100	-100	-100	-54.4636	-56.7125	-56.1549	
113	-69.9999	-100	-100	-100	-55.0902	-57.423	-56.8692	
114	-69.9999	-100	-100	-100	-55.727	-58.1246	-57.5655	
115	-69.9999	-100	-100	-100	-56.3693	-58.812	-58.2414	
116	-69.9999	-100	-100	-100	-57.0128	-59.4812	-58.8952	
117	-69.9999	-100	-100	-100	-57.6536	-60.1296	-59.5257	
118	-69.9999	-100	-100	-100	-58.2881	-60.755	-60.1321	
119	-69.9999	-100	-100	-100	-58.9131	-61.3561	-60.7141	
120	-69.9999	-100	-10	-100	-59.5259	-61.9322	-61.2716	
121	-69.9999	-100	-10	-100	-64.5232	-62.4829	-60.3035	
122	-69.9999	-100	-10	-100	-68.996	-63.0082	-58.2285	
123	-69.9999	-100	-10	-100	-70.1278	-63.5082	-55.4379	
124	-69.9999	-100	-10	-100	-70.0283	-63.9833	-52.2564	
125	-69.9999	-100	-10	-100	-70.0665	-64.4341	-48.9173	
126	-69.9999	-100	-100	-100	-70.0497	-64.8611	-45.4917	
127	-69.9999	-100	-100	-100	-70.0825	-65.2652	-42.593	
128	-69.9999	-100	-100	-100	-70.0983	-65.6471	-37.5634	
129	-69.9999	-100	-100	-100	-70.1203	-66.0076	0	
130	-55.2999	-100	-100	-100	-70.1445	-66.3475	-58	
131	-46.7375	-100	-100	-100	-70.1711	-66.6677	-57.0144	
132	-41.113	-100	-100	-100	-70.2	-66.969	-56.4437	
133	-29.642	-100	-100	-100	-70.231	-67.2523	-56.1817	
134	0	-100	-100	-100	-70.2639	-67.5184	-56.1503	
135	-58	-100	-100	-100	-70.2985	-67.768	-56.2916	
136	-55.4397	-100	-100	-100	-70.3345	-68.002	-56.5612	
137	-53.7568	-100	-100	-100	-70.3715	-68.2212	-56.9252	
138	-52.7006	-100	-100	-100	-70.4091	-68.4262	-57.3572	
139	-52.0992	-100	-100	-100	-70.4469	-68.6178	-57.8367	
140	-51.8337	-100	-100	-100	-70.4845	-68.7967	-58.3476	
141	-51.8206	-100	-100	-100	-70.5216	-68.9635	-58.8774	
142	-51.9993	-100	-100	-100	-70.5578	-69.1188	-59.4163	
143	-52.3241	-100	-100	-100	-70.5927	-69.2634	-59.9566	
144	-52.7593	-100	-100	-100	-70.6261	-69.3977	-60.4926	
145	-53.2759	-100	-100	-100	-70.6578	-69.5223	-61.0197	
146	-53.8507	-100	-100	-100	-70.6875	-69.6377	-61.5346	
147	-54.4651	-100	-100	-100	-70.715	-69.7445	-62.0348	
148	-55.1041	-100	-100	-100	-70.7403	-69.8431	-62.5185	
149	-55.7559	-100	-100	-100	-70.7633	-69.9341	-62.9846	
150	-56.4112	0	-100	-100	-70.7838	-70.0178	-63.4321	
151	-57.0631	0	-100	-100	-46.0277	-70.0946	-63.8608	
152	-57.706	0	-100	-100	-17.6723	-70.165	-64.2704	
153	-58.3359	0	-100	-100	0	-70.2294	-64.661	
154	-58.9496	0	-100	-100	-58	-53.0819	-65.9671	
155	-59.5451	0	-100	-100	0	-43.5701	-66.8382	
156	-60.1207	-100	-100	-100	-58	-24.966	-68.0078	
157	-60.6754	-100	-100	-100	0	0	-68.6677	
158	-61.2087	-100	-100	-100	-58	-58	-69.3133	
159	-61.7202	-100	-100	-100	-6.13872	-35.3883	-69.6436	
160	-62.2099	-100	-100	-100	0	0	-69.8398	
161	-62.678	-100	-100	-100	-58	-58	-69.9992	
162	-63.1247	-100	-100	-100	-17.5894	-35.4001	-70.0908	
163	-63.5506	-100	-100	-100	0	0	-70.154	
164	-63.9562	-100	-100	-100	-58	-58	-70.1769	
165	-64.3419	-100	-100	-100	-23.4567	-35.4102	-70.2005	
166	-64.7085	-100	-100	-100	0	0	-70.225	
167	-65.0566	-100	-100	-100	-58	-58	-70.211	
168	-65.3868	-100	-100	-100	-26.4649	-35.4191	-70.2153	
169	-65.6999	-100	-100	-100	0	0	-70.228	
170	-65.9965	-100	-100	-100	-58	-58	-70.2052	
171	-66.2772	-100	-100	-100	-28.0091	-35.4272	-70.2042	
172	-66.5428	-100	-100	-100	0	0	-70.2129	
173	-66.794	-100	-100	-100	-58	-58	-70.1895	
174	-67.0313	-100	-100	-100	-28.8033	-35.4346	-70.187	
175	-67.2553	-100	-100	-100	0	0	-70.1941	
176	-67.4667	-100	-100	-100	-58	-58	-70.1721	
177	-67.6661	-100	-100	-100	-29.2134	-35.4414	-70.1694	
178	-67.8539	-100	-100	-100	0	0	-70.1755	
179	-68.0309	-100	-100	-100	-58	-58	-70.1554	
180	-68.1974	0	-100	-100	-29.4266	-35.4478	-70.1529	
181	-68.3541	0	-100	-100	0	0	-70.1583	
182	-68.5013	0	-100	-100	-58	-58	-70.1401	
183	-68.6395	0	-100	-100	0	-35.4537	-70.1378	
184	-68.7693	0	-100	-100	-58	0	-70.1185	
185	-68.891	0	-100	-100	0	-58	-70.1161	
186	-69.005	-100	-100	-100	-58	-23.5228	-70.1003	
187	-69.1117	-100	-100	-100	0	0	-70.0995	
188	-69.2115	-100	-100	-100	-58	-58	-70.0872	
189	-69.3048	-100	-100	-100	0	-29.3569	-70.0877	
190	-69.3919	-100	-100	-100	-58	0	-70.0777	
191	-69.4732	-100	-100	-100	-15.5664	-58	-70.0789	
192	-69.5489	-100	-100	-100	0	-34.6195	-70.0843	
193	-69.6193	-100	-100	-100	-58	0	-70.077	
194	-69.6848	-100	-100	-100	-27.5627	-58	-70.0783	
195	-69.7456	-100	-100	-100	0	-37.3149	-70.0833	
196	-69.8019	-100	-100	-100	-58	0	-70.0755	
197	-69.8541	-100	-100	-100	-33.7055	-58	-70.0759	
198	-69.9023	-100	-100	-100	0	-38.696	-70.08	
199	-69.9468	-100	-100	-100	-58	0	-70.0719	
200	-69.9877	-100	-100	-100	-36.8513	-58	-70.0717	
201	-70.0254	-100	-100	-100	0	-39.4039	-70.075	
202	-70.0599	-100	-100	-100	-58	-0.934389	-70.0669	
203	-70.0916	-100	-100	-100	-38.4627	0	-70.0664	
204	-70.1204	-100	-100	-100	0	-58	-70.0691	
205	-70.1467	-100	-100	-100	-58	-29.3772	-70.0615	
206	-70.1706	-100	-100	-100	-37.0147	0	-70.0607	
207	-70.1921	-100	-100	-100	0	-58	-70.063	
208	-70.2116	-100	-100	-100	-58	-29.5293	-70.0559	
209	-70.229	-100	-100	-100	-36.2747	0	-70.0551	
210	-70.2445	-100	-10	-100	0	-58	-70.0572	
211	-70.2583	-100	-10	-100	-58	-29.609	-68.3342	
212	-70.2705	-100	-10	-100	-44.9691	0	-65.8995	
213	-70.2811	-100	-10	-100	-56.626	-58	-63.125	
214	-70.2903	-100	-10	-100	-45.8874	-43.8614	-60.1861	
215	-70.2982	-100	-10	-100	-62.2792	-34.181	-57.1836	
216	-70.3048	-100	-100	-100	-54.987	0	-54.1846	
217	-70.3103	-100	-100	-100	-60.5193	-58	-52.5609	
218	-70.3147	-100	-100	-100	-43.4203	-52.6911	-51.7091	
219	-70.3182	-100	-100	-100	-47.7471	-49.2933	-51.3259	
220	-70.3207	-100	-100	-100	-49.1475	-47.0674	-51.2484	
221	-70.3223	-100	-100	-100	-49.5199	-45.448	-51.3827	
222	-70.3232	-100	-100	-100	-49.8219	-43.9487	-51.67	
223	-70.3234	-100	-100	-100	-50.1416	-41.8835	-52.0702	
224	-70.3229	-100	-100	-100	-50.4953	-36.5577	-52.5539	
225	-70.3218	-100	-100	-100	-50.8872	0	-53.0986	
226	-70.3202	-100	-100	-100	-51.3181	-58	-53.6866	
227	-70.318	-100	-100	-100	-39.2141	-57.9973	-54.3038	
228	-70.3154	-100	-100	-100	-12.6615	-58.1557	-54.9391	
229	-70.3123	-100	-100	-100	0	-58.4332	-55.5833	
230	-70.3089	-100	-100	-100	-58	-44.4812	-58.7523	
231	-70.3052	-100	-100	-100	-52.2086	-35.4096	-60.8277	
232	-70.3011	-100	-100	-100	-48.8239	0	-62.2697	
233	-70.2968	-100	-100	-100	-46.7387	-58	-63.3237	
234	-70.2922	-100	-100	-100	-33.8017	-52.8195	-64.1281	
235	-70.2874	-100	-100	-100	0	-49.4991	-64.7654	
236	-70.2825	-100	-100	-100	-58	-35.2048	-66.2028	
237	-70.2773	-100	-100	-100	-49.8036	0	-67.0916	
238	-70.2721	-100	-100	-100	-44.8377	-58	-67.6835	
239	-70.2667	-100	-100	-100	-29.6865	-49.5731	-68.1028	
240	-70.2612	-100	-100	-20	0	-44.3641	-68.4155	
241	-70.2556	-100	-100	-20	-58	-28.7903	-68.9365	
242	-70.25	-100	-100	-20	-48.5871	0	-69.2522	
243	-70.2444	-100	-100	-20	-42.8563	-58	-69.4616	
244	-70.2387	-100	-100	-20	-25.5863	-48.5141	-69.6112	
245	-70.233	-100	-100	-20	0	-42.6994	-69.7248	
246	-70.2273	-100	-100	-100	-58	-25.1157	-69.8637	
247	-70.2216	-100	-100	-100	-48.1934	0	-69.9526	
248	-70.2159	-100	-100	-100	-42.206	-58	-70.0162	
249	-70.2102	-100	-100	-100	-23.618	-48.1718	-70.0658	
250	-70.2046	-100	-100	-100	0	-42.1581	-70.1071	
251	-70.1991	-100	-100	-100	-58	-23.4433	-70.1242	
252	-70.1936	-100	-100	-100	-48.069	0	-70.1412	
253	-70.1881	-100	-100	-100	-42.0001	-58	-70.1584	
254	-70.1827	-100	-100	-100	-22.8956	-48.0639	-70.1757	
255	-70.1774	-100	-100	-100	0	-41.9881	-70.1932	
256	-70.1722	-100	-100	-100	-58	-22.8487	-70.1768	
257	-70.167	-100	-100	-100	-48.0322	0	-70.1734	
258	-70.162	-100	-100	-100	-41.94	-58	-70.1767	
259	-70.157	-100	-100	-100	-22.6757	-48.0323	-70.1838	
260	-70.1521	-100	-100	-100	0	-41.9394	-70.1932	
261	-70.1473	-100	-100	-100	-58	-22.6729	-70.1701	
262	-70.1426	-100	-100	-100	-48.0237	0	-70.1619	
263	-70.138	-100	-100	-100	-41.9269	-58	-70.1612	
264	-70.1335	-100	-100	-100	-22.6285	-48.0252	-70.165	
265	-70.1291	-100	-100	-100	0	-41.9296	-70.1712	
266	-70.1248	-100	-100	-100	-58	-22.6388	-70.1491	
267	-70.1206	-100	-100	-100	-48.0239	0	-70.1405	
268	-70.1165	-100	-100	-100	-41.9284	-58	-70.139	
269	-70.1125	-100	-100	-100	-22.6355	-48.0257	-70.1414	
270	-70.1086	-100	-100	-20	0	-41.9318	-70.1462	
271	-70.1048	-100	-100	-20	-58	-22.6486	-70.1268	
272	-70.1011	-100	-100	-20	-48.0266	0	-70.1192	
273	-70.0975	-100	-100	-20	-41.9339	-58	-70.1176	
274	-70.094	-100	-100	-20	-22.6574	-48.0283	-70.1194	
275	-70.0906	-100	-100	-20	0	-41.9372	-70.1232	
276	-70.0873	-100	-100	-100	-58	-22.6701	-70.1067	
277	-70.084	-100	-100	-100	-48.0298	0	-70.1002	
278	-70.0809	-100	-100	-100	-41.9401	-58	-70.0987	
279	-70.0779	-100	-100	-100	-22.6815	-48.0314	-70.1002	
280	-70.0749	-100	-100	-100	0	-41.9431	-70.1034	
281	-70.0721	-100	-100	-100	-58	-22.693	-70.0895	
282	-70.0693	-100	-100	-100	-48.0328	0	-70.0839	
283	-70.0666	-100	-100	-100	-41.9459	-58	-70.0827	
284	-70.064	-100	-100	-100	-22.7041	-48.0342	-70.0839	
285	-70.0615	-100	-100	-100	0	-41.9485	-70.0865	
286	-70.0591	-100	-100	-100	-58	-22.7143	-70.0749	
287	-70.0567	-100	-100	-100	-48.0356	0	-70.0703	
288	-70.0545	-100	-100	-100	-41.9511	-58	-70.0692	
289	-70.0523	-100	-100	-100	-22.7243	-48.0368	-70.0702	
290	-70.0502	-100	-100	-100	0	-41.9534	-70.0724	
291	-70.0481	-100	-100	-100	-58	-22.7332	-70.0627	
292	-70.0461	-100	-100	-100	-48.038	0	-70.0588	
293	-70.0442	-100	-100	-100	-41.9557	-58	-70.0579	
294	-70.0424	-100	-100	-100	-22.742	-48.039	-70.0587	
295	-70.0406	-100	-100	-100	0	-41.9577	-70.0606	
296	-70.0389	-100	-100	-100	-58	-22.7498	-70.0524	
297	-70.0372	-100	-100	-100	-48.0401	0	-70.0492	
298	-70.0356	-100	-100	-100	-41.9597	-58	-70.0484	
299	-70.0341	-100	-100	-100	-22.7575	-48.041	-70.0491	
300	-70.0326	-100	-100	-20	0	-41.9614	-70.0507	
301	-70.0312	-100	-100	-20	-58	-22.7642	-70.0439	
302	-70.0298	-100	-100	-20	-48.0419	0	-70.0411	
303	-70.0285	-100	-100	-20	-41.9632	-58	-70.0405	
304	-70.0272	-100	-100	-20	-22.7709	-48.0427	-70.0411	
305	-70.026	-100	-100	-20	0	-41.9647	-70.0424	
306	-70.0248	-100	-100	-100	-58	-22.7768	-70.0367	
307	-70.0237	-100	-100	-100	-48.0435	0	-70.0344	
308	-70.0226	-100	-100	-100	-41.9662	-58	-70.0339	
309	-70.0216	-100	-100	-100	-22.7826	-48.0442	-70.0344	
310	-70.0206	-100	-100	-100	0	-41.9675	-70.0355	
311	-70.0196	-100	-100	-100	-58	-22.7877	-70.0307	
312	-70.0187	-100	-100	-100	-48.0449	0	-70.0288	
313	-70.0178	-100	-100	-100	-41.9688	-58	-70.0283	
314	-70.017	-100	-100	-100	-22.7928	-48.0455	-70.0288	
315	-70.0161	-100	-100	-100	0	-41.97	-70.0297	
316	-70.0154	-100	-100	-100	-58	-22.7972	-70.0257	
317	-70.0146	-100	-100	-100	-48.0461	0	-70.0241	
318	-70.0139	-100	-100	-100	-41.9711	-58	-70.0237	
319	-70.0132	-100	-100	-100	-22.8016	-48.0466	-70.0241	
320	-70.0126	-100	-100	-100	0	-41.9721	-70.0248	
321	-70.0119	-100	-100	-100	-58	-22.8054	-70.0215	
322	-70.0113	-100	-100	-100	-48.0471	0	-70.0201	
323	-70.0108	-100	-100	-100	-41.9731	-58	-70.0198	
324	-70.0102	-100	-100	-100	-22.8092	-48.0476	-70.0201	
325	-70.0097	-100	-100	-100	0	-41.974	-70.0207	
326	-70.0092	-100	-100	-100	-58	-22.8126	-70.018	
327	-70.0087	-100	-100	-100	-48.048	0	-70.0168	
328	-70.0082	-100	-100	-100	-41.9748	-58	-70.0166	
329	-70.0078	-100	-100	-100	-22.8159	-48.0484	-70.0168	
330	-70.0074	0	-100	-100	0	-41.9756	-70.0173	
331	-70.007	0	-100	-100	-58	-22.8188	-70.015	
332	-70.0066	0	-100	-100	-11.5088	0	-70.0141	
333	-70.0062	0	-100	-100	0	-58	-70.0139	
334	-70.0059	0	-100	-100	-58	-33.8392	-70.0116	
335	-70.0056	0	-100	-100	0	0	-70.0108	
336	-70.0053	-100	-100	-100	-58	-58	-70.0088	
337	-70.005	-100	-100	-100	0	-34.6846	-70.0082	
338	-70.0047	-100	-100	-100	-58	0	-70.0068	
339	-70.0044	-100	-100	-100	-4.50046	-58	-70.0065	
340	-70.0041	-100	-100	-100	0	-37.39	-70.0067	
341	-70.0039	-100	-100	-100	-58	0	-70.0059	
342	-70.0037	-100	-100	-100	-21.9444	-58	-70.0058	
343	-70.0034	-100	-100	-100	0	-38.7733	-70.0061	
344	-70.0032	-100	-100	-100	-58	0	-70.0054	
345	-70.003	-100	-100	-100	-30.8733	-58	-70.0054	
346	-70.0028	-100	-100	-100	0	-39.4799	-70.0056	
347	-70.0027	-100	-100	-100	-58	-1.7885	-70.005	
348	-70.0025	-100	-100	-100	-35.4427	0	-70.005	
349	-70.0023	-100	-100	-100	0	-58	-70.0052	
350	-70.0022	-100	-100	-100	-58	-29.4477	-70.0046	
351	-70.002	-100	-100	-100	-35.5066	0	-70.0045	
352	-70.0019	-100	-100	-100	0	-58	-70.0047	
353	-70.0018	-100	-100	-100	-58	-29.596	-70.0042	
354	-70.0016	-100	-100	-100	-35.5381	0	-70.0041	
355	-70.0015	-100	-100	-100	0	-58	-70.0043	
356	-70.0014	-100	-100	-100	-58	-29.6717	-70.0038	
357	-70.0013	-100	-100	-100	-35.5532	0	-70.0037	
358	-70.0012	-100	-100	-100	0	-58	-70.0039	
359	-70.0011	-100	-100	-100	-58	-29.7101	-70.0034	
360	-70.001	-100	-10	-100	-35.5599	0	-70.0034	
361	-70.0009	-100	-10	-100	0	-58	-68.2884	
362	-70.0009	-100	-10	-100	-58	-29.7296	-65.9777	
363	-70.0008	-100	-10	-100	-47.86	0	-63.391	
364	-70.0007	-100	-10	-100	-61.0037	-58	-60.6574	
365	-70.0006	-100	-10	-100	-43.7827	-43.9493	-57.8499	
366	-70.0006	-100	-100	-100	-66.1438	-34.4133	-55.0204	
367	-70.0005	-100	-100	-100	-50.1144	0	-53.5559	
368	-70.0005	-100	-100	-100	-58.0967	-58	-52.8264	
369	-70.0004	-100	-100	-100	-42.1956	-52.7557	-52.5297	
370	-70.0004	-100	-100	-100	-41.3086	-49.4095	-52.5083	
371	-70.0003	-100	-100	-100	-37.9232	-47.2335	-52.6729	
372	-70.0003	-100	-100	-100	-2.12586	-45.6837	-52.9686	
373	-70.0002	-100	-100	-100	0	-44.3201	-53.359	
374	-70.0002	-100	-100	-100	-58	-31.7613	-56.7307	
375	-70.0002	-100	-100	-100	-54.5015	0	-58.8709	
376	-70.0001	-100	-100	-100	-52.9486	-58	-60.3287	
377	-70.0001	-100	-100	-100	-39.3238	-50.5588	-61.3856	
378	-70.0001	-100	-100	-100	-13.4751	-45.9232	-62.1944	
379	-70.0001	-100	-100	-100	0	-42.4075	-62.8423	
380	-70	-100	-100	-100	-58	-26.0907	-64.6343	
381	-70	-100	-100	-100	-51.8972	0	-65.7303	
382	-70	-100	-100	-100	-48.3577	-58	-66.455	
383	-70	-100	-100	-100	-34.3099	-49.4077	-66.9664	
384	-70	-100	-100	-100	0	-44.118	-67.3476	
385	-69.9999	-100	-100	-100	-58	-28.3632	-68.1094	
386	-69.9999	-100	-100	-100	-49.2976	0	-68.5646	
387	-69.9999	-100	-100	-100	-44.0942	-58	-68.8615	
388	-69.9999	-100	-100	-100	-28.4624	-48.4857	-69.0697	
389	-69.9999	-100	-100	-100	0	-42.6668	-69.2249	
390	-69.9999	-100	-100	-20	-58	-25.039	-69.4822	
391	-69.9999	-100	-100	-20	-48.4472	0	-69.6384	
392	-69.9999	-100	-100	-20	-42.6586	-58	-69.7432	
393	-69.9998	-100	-100	-20	-25.0673	-48.185	-69.8194	
394	-69.9998	-100	-100	-20	0	-42.1901	-69.8786	
395	-69.9998	-100	-100	-20	-58	-23.5651	-69.9484	
396	-69.9998	-100	-100	-100	-48.1702	0	-69.9946	
397	-69.9998	-100	-100	-100	-42.1836	-58	-70.0288	
398	-69.9998	-100	-100	-100	-23.5601	-48.0878	-70.0566	
399	-69.9998	-100	-100	-100	0	-42.0358	-70.0805	
400	-69.9998	-100	-100	-100	-58	-23.0321	-70.0879	
401	-69.9998	-100	-100	-100	-48.0811	0	-70.097	
402	-69.9998	-100	-100	-100	-42.0301	-58	-70.1071	
403	-69.9998	-100	-100	-100	-23.0166	-48.0572	-70.1178	
404	-69.9998	-100	-100	-100	0	-41.9874	-70.129	
405	-69.9998	-100	-100	-100	-58	-22.8591	-70.1177	
406	-69.9998	-100	-100	-100	-48.0533	0	-70.1153	
407	-69.9998	-100	-100	-100	-41.9824	-58	-70.1175	
408	-69.9998	-100	-100	-100	-22.8418	-48.0482	-70.1222	
409	-69.9998	-100	-100	-100	0	-41.9735	-70.1286	
410	-69.9998	-100	-100	-100	-58	-22.8093	-70.1133	
411	-69.9998	-100	-100	-100	-48.0455	0	-70.1079	
412	-69.9998	-100	-100	-100	-41.9692	-58	-70.1076	
413	-69.9998	-100	-100	-100	-22.7931	-48.0461	-70.1102	
414	-69.9998	-100	-100	-100	0	-41.9707	-70.1144	
415	-69.9998	-100	-100	-100	-58	-22.7995	-70.0997	
416	-69.9998	-100	-100	-100	-48.044	0	-70.0941	
417	-69.9998	-100	-100	-100	-41.9669	-58	-70.0931	
418	-69.9998	-100	-100	-100	-22.785	-48.0463	-70.0948	
419	-69.9998	-100	-100	-100	0	-41.9713	-70.098	
420	-69.9998	0	-100	-100	-58	-22.8021	-70.0851	
421	-69.9998	0	-100	-100	-27.7445	0	-70.08	
422	-69.9998	0	-100	-100	0	-58	-70.0789	
423	-69.9998	0	-100	-100	-58	-33.837	-70.0663	
424	-69.9998	0	-100	-100	0	0	-70.0618	
425	-69.9998	0	-100	-100	-58	-58	-70.0504	
426	-69.9998	-100	-100	-100	0	-34.6825	-70.047	
427	-69.9998	-100	-100	-100	-58	0	-70.0388	
428	-69.9998	-100	-100	-100	0	-58	-70.0372	
429	-69.9998	-100	-100	-100	-58	-23.1779	-70.0317	
430	-69.9998	-100	-100	-100	-6.55485	0	-70.0313	
431	-69.9998	-100	-100	-100	0	-58	-70.0328	
432	-69.9998	-100	-100	-100	-58	-26.385	-70.0295	
433	-69.9998	-100	-100	-100	-20.7161	0	-70.0296	
434	-69.9998	-100	-100	-100	0	-58	-70.0313	
435	-69.9998	-100	-100	-100	-58	-28.0268	-70.0281	
436	-69.9998	-100	-100	-100	-27.9654	0	-70.0282	
437	-69.9998	-100	-100	-100	0	-58	-70.0295	
438	-69.9999	-100	-100	-100	-58	-28.8672	-70.0264	
439	-69.9999	-100	-100	-100	-31.676	0	-70.0263	
440	-69.9999	-100	-100	-100	0	-58	-70.0274	
441	-69.9999	-100	-100	-100	-58	-29.2973	-70.0244	
442	-69.9999	-100	-100	-100	-33.5748	0	-70.0242	
443	-69.9999	-100	-100	-100	0	-58	-70.0251	
444	-69.9999	-100	-100	-100	-58	-29.5174	-70.0223	
445	-69.9999	-100	-100	-100	-34.5461	0	-70.022	
446	-69.9999	-100	-100	-100	0	-58	-70.0229	
447	-69.9999	-100	-100	-100	-58	-29.6298	-70.0203	
448	-69.9999	-100	-100	-100	-35.0424	0	-70.02	
449	-69.9999	-100	-100	-100	0	-58	-70.0207	
450	-69.9999	0	-100	-100	-58	-29.6873	-70.0183	
451	-69.9999	0	-100	-100	-14.9957	0	-70.018	
452	-69.9999	0	-100	-100	0	-58	-70.0187	
453	-69.9999	0	-100	-100	-58	-29.7165	-70.0165	
454	-69.9999	0	-100	-100	0	0	-70.0163	
455	-69.9999	0	-100	-100	-58	-58	-70.014	
456	-69.9999	-100	-100	-100	0	-32.5734	-70.0137	
457	-69.9999	-100	-100	-100	-58	0	-70.0119	
458	-69.9999	-100	-100	-100	0	-58	-70.0118	
459	-69.9999	-100	-100	-100	-58	-22.0986	-70.0103	
460	-69.9999	-100	-100	-100	-4.84251	0	-70.0104	
461	-69.9999	-100	-100	-100	0	-58	-70.011	
462	-69.9999	-100	-100	-100	-58	-25.8329	-70.01	
463	-69.9999	-100	-100	-100	-19.839	0	-70.0101	
464	-69.9999	-100	-100	-100	0	-58	-70.0107	
465	-69.9999	-100	-100	-100	-58	-27.7446	-70.0097	
466	-69.9999	-100	-100	-100	-27.516	0	-70.0097	
467	-69.9999	-100	-100	-100	0	-58	-70.0102	
468	-69.9999	-100	-100	-100	-58	-28.7232	-70.0092	
469	-69.9999	-100	-100	-100	-31.4456	0	-70.0091	
470	-69.9999	-100	-100	-100	0	-58	-70.0095	
471	-69.9999	-100	-100	-100	-58	-29.224	-70.0085	
472	-69.9999	-100	-100	-100	-33.4566	0	-70.0084	
473	-69.9999	-100	-100	-100	0	-58	-70.0088	
474	-69.9999	-100	-100	-100	-58	-29.4802	-70.0078	
475	-69.9999	-100	-100	-100	-34.4852	0	-70.0077	
476	-69.9999	-100	-100	-100	0	-58	-70.008	
477	-69.9999	-100	-100	-100	-58	-29.6112	-70.0071	
478	-69.9999	-100	-100	-100	-35.011	0	-70.007	
479	-69.9999	-100	-100	-100	0	-58	-70.0072	
480	-69.9999	0	-100	-100	-58	-29.678	-70.0064	
481	-69.9999	0	-100	-100	-14.9794	0	-70.0063	
482	-69.9999	0	-100	-100	0	-58	-70.0065	
483	-69.9999	0	-100	-100	-58	-29.7121	-70.0058	
484	-69.9999	0	-100	-100	0	0	-70.0057	
485	-69.9999	0	-100	-100	-58	-58	-70.0049	
486	-69.9999	-100	-100	-100	0	-32.5714	-70.0048	
487	-69.9999	-100	-100	-100	-58	0	-70.0042	
488	-69.9999	-100	-100	-100	0	-58	-70.0041	
489	-69.9999	-100	-100	-100	-58	-22.0979	-70.0036	
490	-69.9999	-100	-100	-100	-4.83994	0	-70.0036	
491	-69.9999	-100	-100	-100	0	-58	-70.0039	
492	-69.9999	-100	-100	-100	-58	-25.8328	-70.0035	
493	-69.9999	-100	-100	-100	-19.8375	0	-70.0035	
494	-69.9999	-100	-100	-100	0	-58	-70.0038	
495	-69.9999	-100	-100	-100	-58	-27.7448	-70.0034	
496	-69.9999	-100	-100	-100	-27.5151	0	-70.0034	
497	-69.9999	-100	-100	-100	0	-58	-70.0036	
498	-69.9999	-100	-100	-100	-58	-28.7235	-70.0032	
499	-69.9999	-100	-100	-100	-31.445	0	-70.0032	
500	-69.9999	-100	-100	-100	0	-58	-70.0033	
501	-69.9999	-100	-100	-100	-58	-29.2243	-70.003	
502	-69.9999	-100	-100	-100	-33.4561	0	-70.0029	
503	-69.9999	-100	-100	-100	0	-58	-70.0031	
504	-69.9999	-100	-100	-100	-58	-29.4806	-70.0027	
505	-69.9999	-100	-100	-100	-34.4848	0	-70.0027	
506	-69.9999	-100	-100	-100	0	-58	-70.0028	
507	-69.9999	-100	-100	-100	-58	-29.6115	-70.0025	
508	-69.9999	-100	-100	-100	-35.0107	0	-70.0024	
509	-69.9999	-100	-100	-100	0	-58	-70.0025	
