#No	 Out	 A	 B	 C	 N0	 N1	 N2
-1	 -70	 -100	 -100	 -100	 -70	 -70	 -70
0	-70	0	-100	-100	-70	-70	-70	
1	-70	0	-100	-100	-45.5	-70	-70	
2	-70	0	-100	-100	-17.1112	-70	-70	
3	-70	0	-100	-100	0	-70	-70	
4	-70	0	-100	-100	-58	-52.85	-70	
5	-70	0	-100	-100	0	-43.3248	-70	
6	-70	-100	-100	-100	-58	-24.4413	-70	
7	-70	-100	-100	-100	0	0	-70	
8	-70	-100	-100	-100	-58	-58	-70	
9	-70	-100	-100	-100	-6.07499	-35.3274	-70	
10	-70	-100	-100	-100	0	0	-70	
11	-70	-100	-100	-100	-58	-58	-70	
12	-70	-100	-100	-100	-17.5349	-35.3433	-70	
13	-70	-100	-100	-100	0	0	-70	
14	-70	-100	-100	-100	-58	-58	-70	
15	-69.9999	-100	-100	-100	-23.4083	-35.3571	-70	
16	-69.9999	-100	-100	-100	0	0	-70	
17	-69.9999	-100	-100	-100	-58	-58	-70	
18	-69.9999	-100	-100	-100	-26.421	-35.3695	-70	
19	-69.9999	-100	-100	-100	0	0	-70	
20	-69.9999	-100	-100	-100	-58	-58	-70	
21	-69.9999	-100	-100	-100	-27.9687	-35.3808	-70	
22	-69.9999	-100	-100	-100	0	0	-70	
23	-69.9999	-100	-100	-100	-58	-58	-70	
24	-69.9999	-100	-100	-100	-28.766	-35.3913	-70	
25	-69.9999	-100	-100	-100	0	0	-70	
26	-69.9999	-100	-100	-100	-58	-58	-70	
27	-69.9999	-100	-100	-100	-29.1787	-35.401	-70	
28	-69.9999	-100	-100	-100	0	0	-70	
29	-69.9999	-100	-100	-100	-58	-58	-70	
30	-69.9999	0	-100	-100	-29.3942	-35.41	-70	
31	-69.9999	0	-100	-100	0	0	-70	
32	-69.9999	0	-100	-100	-58	-58	-70	
33	-69.9999	0	-100	-100	0	-35.4184	-70	
34	-69.9999	0	-100	-100	-58	0	-70	
35	-69.9999	0	-100	-100	0	-58	-70	
36	-69.9999	-100	-100	-100	-58	-23.4898	-70	
37	-69.9999	-100	-100	-100	0	0	-70	
38	-69.9999	-100	-100	-100	-58	-58	-70	
39	-69.9999	-100	-100	-100	0	-29.3261	-70	
40	-69.9999	-100	-100	-100	-58	0	-70	
41	-69.9999	-100	-100	-100	-15.5401	-58	-70	
42	-69.9999	-100	-100	-100	0	-34.5907	-70	
43	-69.9999	-100	-100	-100	-58	0	-70	
44	-69.9999	-100	-100	-100	-27.5381	-58	-70	
45	-69.9999	-100	-100	-100	0	-37.2881	-70	
46	-69.9999	-100	-100	-100	-58	0	-70	
47	-69.9999	-100	-100	-100	-33.6825	-58	-70	
48	-69.9999	-100	-100	-100	0	-38.6709	-70	
49	-69.9999	-100	-100	-100	-58	0	-70	
50	-69.9999	-100	-100	-100	-36.8299	-58	-70	
51	-69.9999	-100	-100	-100	0	-39.3805	-70	
52	-69.9999	-100	-100	-100	-58	-0.665721	-70	
53	-69.9999	-100	-100	-100	-38.4427	0	-70	
54	-69.9999	-100	-100	-100	0	-58	-70	
55	-69.9999	-100	-100	-100	-58	-29.3561	-70	
56	-69.9999	-100	-100	-100	-36.996	0	-70	
57	-69.9999	-100	-100	-100	0	-58	-70	
58	-69.9999	-100	-100	-100	-58	-29.5096	-70	
59	-69.9999	-100	-100	-100	-36.2572	0	-70	
60	-69.9999	0	-100	-100	0	-58	-70	
61	-69.9999	0	-100	-100	-58	-29.5906	-70	
62	-69.9999	0	-100	-100	0	0	-70	
63	-69.9999	0	-100	-100	-58	-58	-70	
64	-69.9999	0	-100	-100	0	-32.4762	-70	
65	-69.9999	0	-100	-100	-58	0	-70	
66	-69.9999	-100	-100	-100	0	-58	-70	
67	-69.9999	-100	-100	-100	-58	-22.0183	-70	
68	-69.9999	-100	-100	-100	0	0	-70	
69	-69.9999	-100	-100	-100	-58	-58	-70	
70	-69.9999	-100	-100	-100	0	-28.6053	-70	
71	-69.9999	-100	-100	-100	-58	0	-70	
72	-69.9999	-100	-100	-100	-20.542	-58	-70	
73	-69.9999	-100	-100	-100	0	-34.2521	-70	
74	-69.9999	-100	-100	-100	-58	0	-70	
75	-69.9999	-100	-100	-100	-30.1111	-58	-70	
76	-69.9999	-100	-100	-100	0	-37.1431	-70	
77	-69.9999	-100	-100	-100	-58	0	-70	
78	-69.9999	-100	-100	-100	-35.0111	-58	-70	
79	-69.9999	-100	-100	-100	0	-38.6232	-70	
80	-69.9999	-100	-100	-100	-58	0	-70	
81	-69.9999	-100	-100	-100	-37.5206	-58	-70	
82	-69.9999	-100	-100	-100	0	-39.3809	-70	
83	-69.9999	-100	-100	-100	-58	-0.693403	-70	
84	-69.9999	-100	-100	-100	-38.8061	0	-70	
85	-69.9999	-100	-100	-100	-2.89743	-58	-70	
86	-69.9999	-100	-100	-100	0	-43.5933	-70	
87	-69.9999	-100	-100	-100	-58	-22.8374	-70	
88	-69.9999	-100	-100	-100	-41.527	0	-70	
89	-69.9999	-100	-100	-100	-26.3418	-58	-70	
90	-69.9999	-100	-10	-100	0	-45.3179	-70	
91	-69.9999	-100	-10	-100	-58	-26.1931	-68.285	
92	-69.9999	-100	-10	-100	-51.7135	0	-65.7822	
93	-69.9999	-100	-10	-100	-60.0022	-58	-62.893	
94	-69.9999	-100	-10	-100	-47.7004	-46.0255	-59.8228	
95	-69.9999	-100	-10	-100	-64.0323	-38.5963	-56.6928	
96	-69.9999	-100	-100	-100	-56.4322	-5.00328	-53.5816	
97	-69.9999	-100	-100	-100	-61.8934	0	-51.8493	
98	-69.9999	-100	-100	-100	-59.8033	-58	-50.9076	
99	-69.9999	-100	-100	-100	-45.6488	-54.6515	-50.4521	
100	-69.9999	-100	-100	-100	-47.6199	-52.4916	-50.3183	
101	-69.9999	-100	-100	-100	-48.2731	-51.1505	-50.4115	
102	-69.9999	-100	-100	-100	-48.659	-50.3827	-50.6724	
103	-69.9999	-100	-100	-100	-49.0138	-50.0271	-51.0603	
104	-69.9999	-100	-100	-100	-49.389	-49.9789	-51.5441	
105	-69.9999	-100	-100	-100	-49.7997	-50.1677	-52.0993	
106	-69.9999	-100	-100	-100	-50.2503	-50.5416	-52.706	
107	-69.9999	-100	-100	-100	-50.7413	-51.0591	-53.3478	
108	-69.9999	-100	-100	-100	-51.2706	-51.6845	-54.0117	
109	-69.9999	-100	-100	-100	-51.835	-52.3873	-54.6873	
110	-69.9999	-100	-100	-100	-52.4302	-53.1421	-55.3662	
111	-69.9999	-100	-100	-100	-53.0515	-53.9282	-56.0419	
112	-69.9999	-100	-100	-100	-53.6936	-54.7296	-56.7094	
113	-69.9999	-100	-100	-100	-54.3514	-55.5337	-57.3646	
114	-69.9999	-100	-100	-100	-55.0199	-56.3311	-58.0046	
115	-69.9999	-100	-100	-100	-55.6942	-57.1148	-58.6272	
116	-69.9999	-100	-100	-100	-56.3698	-57.8796	-59.2305	
117	-69.9999	-100	-100	-100	-57.0424	-58.6217	-59.8136	
118	-69.9999	-100	-100	-100	-57.7084	-59.3386	-60.3756	
119	-69.9999	-100	-100	-100	-58.3643	-60.0285	-60.916	
120	-69.9999	-100	-100	-20	-59.0074	-60.6903	-61.4347	
121	-69.9999	-100	-100	-20	-59.6352	-61.3233	-61.9316	
122	-69.9999	-100	-100	-20	-60.2457	-61.9274	-62.407	
123	-69.9999	-100	-100	-20	-60.8373	-62.5028	-62.8611	
124	-69.9999	-100	-100	-20	-61.4087	-63.0498	-63.2944	
125	-69.9999	-100	-100	-20	-61.9589	-63.569	-63.7074	
126	-69.9999	-100	-100	-100	-62.4875	-64.0611	-64.1006	
127	-69.9999	-100	-100	-100	-62.9939	-64.5268	-64.4746	
128	-69.9999	-100	-100	-100	-63.4781	-64.967	-64.83	
129	-69.9999	-100	-100	-100	-63.9401	-65.3827	-65.1676	
130	-69.9999	-100	-100	-100	-64.38	-65.7748	-65.4879	
131	-69.9999	-100	-100	-100	-64.7983	-66.1442	-65.7916	
132	-69.9999	-100	-100	-100	-65.1953	-66.4918	-66.0794	
133	-69.9999	-100	-100	-100	-65.5717	-66.8187	-66.3519	
134	-69.9999	-100	-100	-100	-65.9278	-67.1258	-66.6097	
135	-69.9999	-100	-100	-100	-66.2645	-67.414	-66.8536	
136	-69.9999	-100	-100	-100	-66.5824	-67.6842	-67.0841	
137	-69.9999	-100	-100	-100	-66.8822	-67.9372	-67.3018	
138	-69.9999	-100	-100	-100	-67.1645	-68.174	-67.5072	
139	-69.9999	-100	-100	-100	-67.4302	-68.3952	-67.7011	
140	-69.9999	-100	-100	-100	-67.6798	-68.6018	-67.8838	
141	-69.9999	-100	-100	-100	-67.9142	-68.7945	-68.0559	
142	-69.9999	-100	-100	-100	-68.1341	-68.974	-68.218	
143	-69.9999	-100	-100	-100	-68.34	-69.141	-68.3705	
144	-69.9999	-100	-100	-100	-68.5328	-69.2962	-68.5139	
145	-69.9999	-100	-100	-100	-68.7129	-69.4402	-68.6486	
146	-69.9999	-100	-100	-100	-68.8811	-69.5736	-68.7751	
147	-69.9999	-100	-100	-100	-69.038	-69.6971	-68.8938	
148	-69.9999	-100	-100	-100	-69.1842	-69.8111	-69.005	
149	-69.9999	-100	-100	-100	-69.3202	-69.9163	-69.1092	
150	-69.9999	0	-100	-100	-69.4465	-70.0131	-69.2067	
151	-69.9999	0	-100	-100	-45.2574	-70.102	-69.2978	
152	-69.9999	0	-100	-100	-16.9983	-70.1835	-69.383	
153	-69.9999	0	-100	-100	0	-70.2579	-69.4624	
154	-69.9999	0	-100	-100	-58	-53.1127	-69.6306	
155	-69.9999	0	-100	-100	0	-43.6039	-69.7466	
156	-69.9999	-100	-100	-100	-58	-25.0363	-69.8764	
157	-69.9999	-100	-100	-100	0	0	-69.954	
158	-69.9999	-100	-100	-100	-58	-58	-70.0144	
159	-69.9999	-100	-100	-100	-6.15102	-35.3976	-70.0498	
160	-69.9999	-100	-100	-100	0	0	-70.0748	
161	-69.9999	-100	-100	-100	-58	-58	-70.0818	
162	-69.9999	-100	-100	-100	-17.6059	-35.4088	-70.0906	
163	-69.9999	-100	-100	-100	0	0	-70.1003	
164	-69.9999	-100	-100	-100	-58	-58	-70.0932	
165	-69.9999	-100	-100	-100	-23.4746	-35.4183	-70.0945	
166	-69.9999	-100	-100	-100	0	0	-70.0997	
167	-69.9999	-100	-100	-100	-58	-58	-70.0895	
168	-69.9999	-100	-100	-100	-26.483	-35.4267	-70.0888	
169	-69.9999	-100	-100	-100	0	0	-70.0924	
170	-69.9999	-100	-100	-100	-58	-58	-70.0821	
171	-69.9999	-100	-100	-100	-28.0266	-35.4342	-70.081	
172	-69.9999	-100	-100	-100	0	0	-70.084	
173	-69.9999	-100	-100	-100	-58	-58	-70.0744	
174	-69.9999	-100	-100	-100	-28.82	-35.4412	-70.0732	
175	-69.9999	-100	-100	-100	0	0	-70.0758	
176	-69.9999	-100	-100	-100	-58	-58	-70.0671	
177	-69.9999	-100	-100	-100	-29.2292	-35.4476	-70.066	
178	-69.9999	-100	-100	-100	0	0	-70.0683	
179	-69.9999	-100	-100	-100	-58	-58	-70.0604	
180	-69.9999	0	-100	-100	-29.4414	-35.4535	-70.0594	
181	-69.9999	0	-100	-100	0	0	-70.0615	
182	-69.9999	0	-100	-100	-58	-58	-70.0544	
183	-69.9999	0	-100	-100	0	-35.4591	-70.0535	
184	-69.9999	0	-100	-100	-58	0	-70.046	
185	-69.9999	0	-100	-100	0	-58	-70.0451	
186	-69.9999	-100	-100	-100	-58	-23.5278	-70.0389	
187	-69.9999	-100	-100	-100	0	0	-70.0386	
188	-69.9999	-100	-100	-100	-58	-58	-70.0338	
189	-69.9999	-100	-100	-100	0	-29.3616	-70.034	
190	-69.9999	-100	-100	-100	-58	0	-70.0302	
191	-69.9999	-100	-100	-100	-15.5786	-58	-70.0306	
192	-69.9999	-100	-100	-100	0	-34.6238	-70.0327	
193	-69.9999	-100	-100	-100	-58	0	-70.0299	
194	-69.9999	-100	-100	-100	-27.5741	-58	-70.0304	
195	-69.9999	-100	-100	-100	0	-37.319	-70.0323	
196	-69.9999	-100	-100	-100	-58	0	-70.0293	
197	-69.9999	-100	-100	-100	-33.7161	-58	-70.0295	
198	-69.9999	-100	-100	-100	0	-38.6998	-70.031	
199	-69.9999	-100	-100	-100	-58	0	-70.0279	
200	-69.9999	-100	-100	-100	-36.8613	-58	-70.0278	
201	-69.9999	-100	-100	-100	0	-39.4075	-70.0291	
202	-69.9999	-100	-100	-100	-58	-0.975049	-70.026	
203	-69.9999	-100	-100	-100	-38.472	0	-70.0257	
204	-69.9999	-100	-100	-100	0	-58	-70.0268	
205	-69.9999	-100	-100	-100	-58	-29.3804	-70.0238	
206	-69.9999	-100	-100	-100	-37.0234	0	-70.0235	
207	-69.9999	-100	-100	-100	0	-58	-70.0245	
208	-69.9999	-100	-100	-100	-58	-29.5323	-70.0217	
209	-69.9999	-100	-100	-100	-36.2828	0	-70.0214	
210	-69.9999	0	-100	-100	0	-58	-70.0222	
211	-69.9999	0	-100	-100	-58	-29.6118	-70.0196	
212	-69.9999	0	-100	-100	0	0	-70.0193	
213	-69.9999	0	-100	-100	-58	-58	-70.0167	
214	-69.9999	0	-100	-100	0	-32.496	-70.0163	
215	-69.9999	0	-100	-100	-58	0	-70.0141	
216	-69.9999	-100	-100	-100	0	-58	-70.014	
217	-69.9999	-100	-100	-100	-58	-22.0368	-70.0123	
218	-69.9999	-100	-100	-100	0	0	-70.0123	
219	-69.9999	-100	-100	-100	-58	-58	-70.0109	
220	-69.9999	-100	-100	-100	0	-28.6225	-70.0111	
221	-69.9999	-100	-100	-100	-58	0	-70.0099	
222	-69.9999	-100	-100	-100	-20.5622	-58	-70.0101	
223	-69.9999	-100	-100	-100	0	-34.2682	-70.0109	
224	-69.9999	-100	-100	-100	-58	0	-70.01	
225	-69.9999	-100	-100	-100	-30.1299	-58	-70.0102	
226	-69.9999	-100	-100	-100	0	-37.1582	-70.0108	
227	-69.9999	-100	-100	-100	-58	0	-70.0098	
228	-69.9999	-100	-100	-100	-35.0287	-58	-70.0099	
229	-69.9999	-100	-100	-100	0	-38.6373	-70.0105	
230	-69.9999	-100	-100	-100	-58	0	-70.0094	
231	-69.9999	-100	-100	-100	-37.537	-58	-70.0094	
232	-69.9999	-100	-100	-100	0	-39.394	-70.0098	
233	-69.9999	-100	-100	-100	-58	-0.84443	-70.0088	
234	-69.9999	-100	-100	-100	-38.8214	0	-70.0087	
235	-69.9999	-100	-100	-100	-3.12878	-58	-70.0091	
236	-69.9999	-100	-100	-100	0	-43.6051	-70.0097	
237	-69.9999	-100	-100	-100	-58	-22.8692	-70.0087	
238	-69.9999	-100	-100	-100	-41.5408	0	-70.0085	
239	-69.9999	-100	-100	-100	-26.4124	-58	-70.0088	
240	-69.9999	-100	-10	-100	0	-45.3286	-70.0093	
241	-69.9999	-100	-10	-100	-58	-26.2145	-68.293	
242	-69.9999	-100	-10	-100	-51.726	0	-65.7897	
243	-69.9999	-100	-10	-100	-60.0108	-58	-62.9003	
244	-69.9999	-100	-10	-100	-47.7059	-46.0351	-59.8301	
245	-69.9999	-100	-10	-100	-64.04	-38.6166	-56.7003	
246	-69.9999	-100	-100	-100	-56.4364	-5.33028	-53.5892	
247	-69.9999	-100	-100	-100	-61.9017	0	-51.8573	
248	-69.9999	-100	-100	-100	-59.8116	-58	-50.9162	
249	-69.9999	-100	-100	-100	-45.6567	-54.6598	-50.4614	
250	-69.9999	-100	-100	-100	-47.6329	-52.507	-50.3284	
251	-69.9999	-100	-100	-100	-48.2869	-51.1724	-50.4225	
252	-69.9999	-100	-100	-100	-48.6743	-50.4108	-50.6844	
253	-69.9999	-100	-100	-100	-49.0309	-50.0613	-51.0731	
254	-69.9999	-100	-100	-100	-49.4083	-50.0193	-51.5577	
255	-69.9999	-100	-100	-100	-49.8214	-50.214	-52.1136	
256	-69.9999	-100	-100	-100	-50.2745	-50.5935	-52.7208	
257	-69.9999	-100	-100	-100	-50.7679	-51.116	-53.3632	
258	-69.9999	-100	-100	-100	-51.2998	-51.7457	-54.0275	
259	-69.9999	-100	-100	-100	-51.8667	-52.4521	-54.7034	
260	-69.9999	-100	-100	-100	-52.4645	-53.2098	-55.3826	
261	-69.9999	-100	-100	-100	-53.0882	-53.9983	-56.0586	
262	-69.9999	-100	-100	-100	-53.7327	-54.8015	-56.7262	
263	-69.9999	-100	-100	-100	-54.3929	-55.6071	-57.3816	
264	-69.9999	-100	-100	-100	-55.0636	-56.4057	-58.0217	
265	-69.9999	-100	-100	-100	-55.74	-57.1902	-58.6443	
266	-69.9999	-100	-100	-100	-56.4176	-57.9557	-59.2477	
267	-69.9999	-100	-100	-100	-57.0921	-58.6983	-59.8308	
268	-69.9999	-100	-100	-100	-57.7598	-59.4154	-60.3927	
269	-69.9999	-100	-100	-100	-58.4174	-60.1054	-60.9331	
270	-69.9999	-100	-10	-100	-59.0619	-60.767	-61.4517	
271	-69.9999	-100	-10	-100	-64.285	-61.3998	-60.4429	
272	-69.9999	-100	-10	-100	-68.9563	-62.0036	-58.3285	
273	-69.9999	-100	-10	-100	-70.1367	-62.5785	-55.5014	
274	-69.9999	-100	-10	-100	-70.0323	-63.1249	-52.2876	
275	-69.9999	-100	-10	-100	-70.072	-63.6434	-48.921	
276	-69.9999	-100	-100	-100	-70.0543	-64.1347	-45.4721	
277	-69.9999	-100	-100	-100	-70.0893	-64.5995	-42.544	
278	-69.9999	-100	-100	-100	-70.1064	-65.0388	-37.3975	
279	-69.9999	-100	-100	-100	-70.13	-65.4535	0	
280	-55.2999	-100	-100	-100	-70.1561	-65.8445	-58	
281	-46.7375	-100	-100	-100	-70.1847	-66.2128	-56.9939	
282	-41.113	-100	-100	-100	-70.2157	-66.5593	-56.4049	
283	-29.642	-100	-100	-100	-70.2491	-66.885	-56.1264	
284	0	-100	-100	-100	-70.2845	-67.1908	-56.08	
285	-58	-100	-100	-100	-70.3217	-67.4777	-56.2076	
286	-55.4397	-100	-100	-100	-70.3604	-67.7466	-56.4648	
287	-53.7568	-100	-100	-100	-70.4002	-67.9983	-56.8175	
288	-52.7006	-100	-100	-100	-70.4406	-68.2338	-57.2393	
289	-52.0992	-100	-100	-100	-70.4812	-68.4537	-57.7096	
290	-51.8337	-100	-100	-100	-70.5217	-68.659	-58.2124	
291	-51.8206	-100	-100	-100	-70.5616	-68.8503	-58.7348	
292	-51.9993	-100	-100	-100	-70.6005	-69.0284	-59.2672	
293	-52.3241	-100	-100	-100	-70.6381	-69.1941	-59.8018	
294	-52.7593	-100	-100	-100	-70.674	-69.3479	-60.3328	
295	-53.2759	-100	-100	-100	-70.708	-69.4906	-60.8557	
296	-53.8507	-100	-100	-100	-70.7399	-69.6227	-61.367	
297	-54.4651	-100	-100	-100	-70.7695	-69.7448	-61.8642	
298	-55.1041	-100	-100	-100	-70.7967	-69.8575	-62.3455	
299	-55.7559	-100	-100	-100	-70.8214	-69.9614	-62.8096	
300	-56.4112	-100	-10	-100	-70.8435	-70.0569	-63.2558	
301	-57.0631	-100	-10	-100	-70.5088	-70.1446	-62.1337	
302	-57.706	-100	-10	-100	-70.1606	-70.2248	-59.8805	
303	-58.3359	-100	-10	-100	-70.0493	-70.298	-56.9027	
304	-58.9496	-100	-10	-100	-70.0454	-70.3647	-53.5384	
305	-59.5451	-100	-10	-100	-70.0368	-70.4253	-50.0377	
306	-60.1207	-100	-100	-100	-70.0338	-70.4801	-46.5212	
307	-60.6754	-100	-100	-100	-70.0442	-70.5295	-43.8725	
308	-61.2087	-100	-100	-100	-70.0504	-70.5738	-40.616	
309	-61.7202	-100	-100	-100	-70.0584	-70.6133	-29.4194	
310	-62.2099	-100	-100	-100	-70.0672	-70.6484	0	
311	-49.6139	-100	-100	-100	-70.0769	-70.6794	-58	
312	-42.2598	-100	-100	-100	-70.0874	-70.7065	-57.3607	
313	-33.2617	-100	-100	-100	-70.0986	-70.7299	-57.0394	
314	0	-100	-100	-100	-70.1106	-70.75	-56.9559	
315	-58	-100	-100	-100	-70.1231	-70.767	-57.0504	
316	-54.7131	-100	-100	-100	-70.1362	-70.781	-57.2776	
317	-52.5633	-100	-100	-100	-70.1496	-70.7924	-57.6026	
318	-51.2019	-100	-100	-100	-70.1632	-70.8012	-57.9984	
319	-50.3951	-100	-100	-100	-70.1768	-70.8077	-58.4441	
320	-49.9877	-100	-100	-100	-70.1904	-70.8121	-58.9233	
321	-49.8784	-100	-100	-100	-70.2038	-70.8145	-59.4232	
322	-49.9993	-100	-100	-100	-70.2168	-70.8151	-59.9338	
323	-50.3013	-100	-100	-100	-70.2294	-70.814	-60.4474	
324	-50.7458	-100	-100	-100	-70.2413	-70.8113	-60.9579	
325	-51.2996	-100	-100	-100	-70.2527	-70.8073	-61.4609	
326	-51.9343	-100	-100	-100	-70.2633	-70.8019	-61.9529	
327	-52.6254	-100	-100	-100	-70.2731	-70.7954	-62.4312	
328	-53.3529	-100	-100	-100	-70.2821	-70.7878	-62.8942	
329	-54.1005	-100	-100	-100	-70.2902	-70.7793	-63.3404	
330	-54.8558	0	-100	-100	-70.2975	-70.7699	-63.7691	
331	-55.609	0	-100	-100	-45.6997	-70.7597	-64.1798	
332	-56.3529	0	-100	-100	-17.4014	-70.7489	-64.5722	
333	-57.0821	0	-100	-100	0	-70.7374	-64.9465	
334	-57.7926	0	-100	-100	-58	-53.3947	-66.187	
335	-58.4817	0	-100	-100	0	-43.7651	-67.015	
336	-59.1472	-100	-100	-100	-58	-25.2616	-68.1237	
337	-59.788	-100	-100	-100	0	0	-68.7499	
338	-60.4033	-100	-100	-100	-58	-58	-69.3605	
339	-60.9927	-100	-100	-100	-6.10597	-35.3483	-69.6736	
340	-61.5563	-100	-100	-100	0	0	-69.8601	
341	-62.0941	-100	-100	-100	-58	-58	-70.0099	
342	-62.6066	-100	-100	-100	-17.5588	-35.3628	-70.0967	
343	-63.0943	-100	-100	-100	0	0	-70.157	
344	-63.5579	-100	-100	-100	-58	-58	-70.1776	
345	-63.9981	-100	-100	-100	-23.4281	-35.3753	-70.1998	
346	-64.4155	-100	-100	-100	0	0	-70.2234	
347	-64.8111	-100	-100	-100	-58	-58	-70.209	
348	-65.1856	-100	-100	-100	-26.4382	-35.3865	-70.213	
349	-65.5398	-100	-100	-100	0	0	-70.2253	
350	-65.8747	-100	-100	-100	-58	-58	-70.2028	
351	-66.1909	-100	-100	-100	-27.9841	-35.3967	-70.2016	
352	-66.4893	-100	-100	-100	0	0	-70.2102	
353	-66.7707	-100	-100	-100	-58	-58	-70.187	
354	-67.0359	-100	-100	-100	-28.78	-35.4061	-70.1846	
355	-67.2856	-100	-100	-100	0	0	-70.1915	
356	-67.5205	-100	-100	-100	-58	-58	-70.1698	
357	-67.7414	-100	-100	-100	-29.1916	-35.4148	-70.1672	
358	-67.949	-100	-100	-100	0	0	-70.1732	
359	-68.1438	-100	-100	-100	-58	-58	-70.1533	
360	-68.3265	-100	-10	-100	-29.4062	-35.423	-70.1509	
361	-68.4978	-100	-10	-100	0	0	-68.4375	
362	-68.6582	-100	-10	-100	-58	-58	-66.1037	
363	-68.8082	-100	-10	-100	-41.8173	-35.4305	-63.5095	
364	-68.9485	-100	-10	-100	-55.4771	0	-60.7749	
365	-69.0794	-100	-10	-100	-58.9625	-58	-57.9695	
366	-69.2016	-100	-100	-100	-47.1102	-46.8056	-55.1435	
367	-69.3154	-100	-100	-100	-57.3992	-39.9053	-53.6864	
368	-69.4214	-100	-100	-100	-52.1989	-20.7343	-52.9668	
369	-69.5199	-100	-100	-100	-53.8884	0	-52.6819	
370	-69.6113	-100	-100	-100	-53.9571	-58	-52.6733	
371	-69.6961	-100	-100	-100	-40.9329	-54.8443	-52.8512	
372	-69.7747	-100	-100	-100	-31.6189	-52.7899	-53.1602	
373	-69.8472	-100	-100	-100	0	-51.5022	-53.5637	
374	-69.9142	-100	-100	-100	-58	-38.1388	-56.9121	
375	-69.9759	-100	-100	-100	-51.5248	0	-59.0405	
376	-70.0327	-100	-100	-100	-48.722	-58	-60.4938	
377	-70.0848	-100	-100	-100	-35.4236	-50.4584	-61.5506	
378	-70.1324	-100	-100	-100	0	-45.7383	-62.362	
379	-70.1759	-100	-100	-100	-58	-30.8745	-64.3509	
380	-70.2156	-100	-100	-100	-49.1239	0	-65.5445	
381	-70.2515	-100	-100	-100	-44.2315	-58	-66.3241	
382	-70.2841	-100	-100	-100	-29.0832	-48.7734	-66.8702	
383	-70.3134	-100	-100	-100	0	-43.0948	-67.276	
384	-70.3397	-100	-100	-100	-58	-26.1408	-68.0696	
385	-70.3632	-100	-100	-100	-48.345	0	-68.5434	
386	-70.3841	-100	-100	-100	-42.6292	-58	-68.8536	
387	-70.4025	-100	-100	-100	-25.106	-48.2298	-69.0728	
388	-70.4186	-100	-100	-100	0	-42.2376	-69.2378	
389	-70.4325	-100	-100	-100	-58	-23.6934	-69.5021	
390	-70.4445	-100	-100	-20	-48.0973	0	-69.6646	
391	-70.4546	-100	-100	-20	-42.1002	-58	-69.7754	
392	-70.4629	-100	-100	-20	-23.3018	-48.0594	-69.8577	
393	-70.4697	-100	-100	-20	0	-41.9695	-69.9231	
394	-70.475	-100	-100	-20	-58	-22.767	-69.9913	
395	-70.4788	-100	-100	-20	-48.0229	0	-70.0385	
396	-70.4814	-100	-100	-100	-41.9376	-58	-70.0753	
397	-70.4829	-100	-100	-100	-22.6771	-48.0104	-70.1064	
398	-70.4832	-100	-100	-100	0	-41.8944	-70.1342	
399	-70.4826	-100	-100	-100	-58	-22.4931	-70.1363	
400	-70.481	-100	-100	-100	-48.0044	0	-70.144	
401	-70.4787	-100	-100	-100	-41.8954	-58	-70.1548	
402	-70.4755	-100	-100	-100	-22.508	-48.0003	-70.1674	
403	-70.4717	-100	-100	-100	0	-41.8811	-70.1811	
404	-70.4672	-100	-100	-100	-58	-22.4465	-70.1636	
405	-70.4621	-100	-100	-100	-48.0035	0	-70.159	
406	-70.4566	-100	-100	-100	-41.8913	-58	-70.1611	
407	-70.4505	-100	-100	-100	-22.4908	-48.0021	-70.1669	
408	-70.4441	-100	-100	-100	0	-41.8865	-70.175	
409	-70.4373	-100	-100	-100	-58	-22.4701	-70.1538	
410	-70.4302	-100	-100	-100	-48.0077	0	-70.1462	
411	-70.4228	-100	-100	-100	-41.8985	-58	-70.1455	
412	-70.4151	-100	-100	-100	-22.5188	-48.0072	-70.1488	
413	-70.4073	-100	-100	-100	0	-41.8968	-70.1544	
414	-70.3993	-100	-100	-100	-58	-22.5115	-70.1344	
415	-70.3911	-100	-100	-100	-48.013	0	-70.1267	
416	-70.3828	-100	-100	-100	-41.9083	-58	-70.1253	
417	-70.3744	-100	-100	-100	-22.5571	-48.0127	-70.1275	
418	-70.3659	-100	-100	-100	0	-41.9076	-70.1319	
419	-70.3575	-100	-100	-100	-58	-22.5543	-70.1144	
