0	0	0	0	0	0	-0.29992	0	0	0	0	0	0	
0	0	0	0	0	0	3.61736	0	0	0	3.21577	0	0	
0	0	0	0	0	0	0	-1.09243	0	0	-5.04682	0	0	
0	0	0	0	0	0	0	0	8.83245	0	5.68981	0	0	
0	0	0	0	0	0	0	0	0	-2.78848	0.505422	0	0	
0	0	0	0	0	0	0	0	0	0	5.0671	3.01282	0	
0	0	0	0	0	0	9.83383	7.99592	0	0	6.75249	0	0	
0	0	0	0	0	0	0	-9.50316	1.40974	0	-8.02468	0	0	
0	0	0	0	0	0	0	0	-5.82486	7.31236	4.73291	0	0	
0	0	0	0	0	0	0	0	0	-7.91738	3.54797	-6.86824	-1.1453	
0	0	0	0	0	0	8.48755	-4.36485	-3.60769	-7.17685	-2.65282	0	0	
0	0	0	0	0	0	0	0	0	0	-4.7522	0	-2.09918	
0	0	0	0	0	0	0	0	0	0	0	0	0