0	0	0	0	0	0	-2.83223	0	0	0	0	0	0	
0	0	0	0	0	0	-1.25756	0	0	0	7.99065	0	0	
0	0	0	0	0	0	0	0.988741	0	0	-1.39847	0	0	
0	0	0	0	0	0	0	0	0.436106	0	-4.5982	0	0	
0	0	0	0	0	0	0	0	0	-5.48785	6.27616	0	0	
0	0	0	0	0	0	0	0	0	0	-6.45647	-8.42497	0	
0	0	0	0	0	0	9.70048	9.8704	0	0	8.81499	0	0	
0	0	0	0	0	0	0	8.22944	0.963661	0	1.17378	0	0	
0	0	0	0	0	0	0	0	-7.38575	-7.89744	-4.90935	0	0	
0	0	0	0	0	0	0	0	0	-3.42725	6.81835	-9.00525	-4.97934	
0	0	0	0	0	0	-9.21742	5.64094	-8.73157	7.88393	-1.19784	0	0	
0	0	0	0	0	0	0	0	0	0	4.23388	0	9.72944	
0	0	0	0	0	0	0	0	0	0	0	0	0