0	0	0	0	0	0	-3.00836	0	0	0	0	0	0	
0	0	0	0	0	0	1.92134	0	0	0	9.67912	0	0	
0	0	0	0	0	0	0	-1.3255	0	0	4.34576	0	0	
0	0	0	0	0	0	0	0	-5.01523	0	1.22929	0	0	
0	0	0	0	0	0	0	0	0	-3.53616	1.28007	0	0	
0	0	0	0	0	0	0	0	0	0	2.85263	0.170849	0	
0	0	0	0	0	0	0.282377	2.68383	0	0	-0.390951	0	0	
0	0	0	0	0	0	0	9.73461	-5.42366	0	0.445212	0	0	
0	0	0	0	0	0	0	0	-1.87356	-9.38347	1.00889	0	0	
0	0	0	0	0	0	0	0	0	4.36657	-3.38346	-7.70995	-1.41323	
0	0	0	0	0	0	-2.59534	-8.85357	-7.07445	-7.95458	6.03421	0	0	
0	0	0	0	0	0	0	0	0	0	4.22264	0	9.41727	
0	0	0	0	0	0	0	0	0	0	0	0	0