0	0	0	0	0	0	5.56646	0	0	0	0	0	0	
0	0	0	0	0	0	-5.21014	0	0	0	-5.48349	0	0	
0	0	0	0	0	0	0	5.7006	0	0	-4.22612	0	0	
0	0	0	0	0	0	0	0	9.81236	0	6.09121	0	0	
0	0	0	0	0	0	0	0	0	1.40837	-6.59857	0	0	
0	0	0	0	0	0	0	0	0	0	3.84867	3.90716	0	
0	0	0	0	0	0	-9.37456	-4.697	0	0	3.22742	0	0	
0	0	0	0	0	0	0	5.02267	-6.10553	0	8.42531	0	0	
0	0	0	0	0	0	0	0	-9.23715	8.78549	4.16891	0	0	
0	0	0	0	0	0	0	0	0	-8.52719	-2.14659	-3.86558	-5.78004	
0	0	0	0	0	0	-7.23916	-7.21731	8.44504	2.42829	-9.39211	0	0	
0	0	0	0	0	0	0	0	0	0	-5.71947	0	-0.367435	
0	0	0	0	0	0	0	0	0	0	0	0	0