0	0	0	0	0	0	-6.0431	0	0	0	0	0	0	
0	0	0	0	0	0	-5.24223	0	0	0	5.19469	0	0	
0	0	0	0	0	0	0	2.58163	0	0	5.59729	0	0	
0	0	0	0	0	0	0	0	9.29609	0	-2.01937	0	0	
0	0	0	0	0	0	0	0	0	0.958308	0.884223	0	0	
0	0	0	0	0	0	0	0	0	0	-5.42081	-0.831073	0	
0	0	0	0	0	0	3.86025	-2.3053	0	0	-4.11654	0	0	
0	0	0	0	0	0	0	-1.9844	2.69319	0	9.14924	0	0	
0	0	0	0	0	0	0	0	-0.263888	7.17657	2.5382	0	0	
0	0	0	0	0	0	0	0	0	0.606265	7.49972	-2.13277	-2.36963	
0	0	0	0	0	0	3.38776	-5.58138	-3.9341	3.49592	3.16984	0	0	
0	0	0	0	0	0	0	0	0	0	-3.08012	0	3.25394	
0	0	0	0	0	0	0	0	0	0	0	0	0