0	0	0	0	0	0	6.23228	0	0	0	0	0	0	
0	0	0	0	0	0	9.84481	0	0	0	-5.76273	0	0	
0	0	0	0	0	0	0	-8.24541	0	0	6.75171	0	0	
0	0	0	0	0	0	0	0	-7.51439	0	-6.45237	0	0	
0	0	0	0	0	0	0	0	0	-9.77906	-9.0541	0	0	
0	0	0	0	0	0	0	0	0	0	6.13843	-1.54839	0	
0	0	0	0	0	0	8.16417	8.47139	0	0	0.867487	0	0	
0	0	0	0	0	0	0	-7.39434	-3.24058	0	-0.0678179	0	0	
0	0	0	0	0	0	0	0	-0.286939	-4.82248	-4.10936	0	0	
0	0	0	0	0	0	0	0	0	3.93429	-3.9827	0.842053	1.50226	
0	0	0	0	0	0	-9.79798	-2.02631	-9.79025	-4.3631	3.14271	0	0	
0	0	0	0	0	0	0	0	0	0	-4.18731	0	-6.5909	
0	0	0	0	0	0	0	0	0	0	0	0	0