0	0	0	0	0	0	-3.45202	0	0	0	0	0	0	
0	0	0	0	0	0	-6.77936	0	0	0	4.12096	0	0	
0	0	0	0	0	0	0	-3.26637	0	0	6.14031	0	0	
0	0	0	0	0	0	0	0	-9.57634	0	1.76149	0	0	
0	0	0	0	0	0	0	0	0	5.30549	8.00687	0	0	
0	0	0	0	0	0	0	0	0	0	-5.89326	4.54544	0	
0	0	0	0	0	0	6.75752	-3.637	0	0	-6.98143	0	0	
0	0	0	0	0	0	0	4.45991	-7.49709	0	-3.04911	0	0	
0	0	0	0	0	0	0	0	-6.22252	-8.36983	-6.34927	0	0	
0	0	0	0	0	0	0	0	0	-5.57433	-0.458474	-3.56443	-6.7103	
0	0	0	0	0	0	-6.69949	6.40301	-0.949138	-8.98599	3.43373	0	0	
0	0	0	0	0	0	0	0	0	0	4.0813	0	8.64671	
0	0	0	0	0	0	0	0	0	0	0	0	0