0	0	0	0	0	0	-9.32791	0	0	0	0	0	0	
0	0	0	0	0	0	2.00212	0	0	0	-0.988805	0	0	
0	0	0	0	0	0	0	7.22508	0	0	4.72479	0	0	
0	0	0	0	0	0	0	0	8.07606	0	-1.53725	0	0	
0	0	0	0	0	0	0	0	0	6.66906	-5.17871	0	0	
0	0	0	0	0	0	0	0	0	0	9.90957	-3.08014	0	
0	0	0	0	0	0	-2.68104	6.15261	0	0	-1.34775	0	0	
0	0	0	0	0	0	0	0.0824054	6.52828	0	7.72112	0	0	
0	0	0	0	0	0	0	0	-9.24029	-7.77421	-9.04188	0	0	
0	0	0	0	0	0	0	0	0	0.872349	-0.409755	-5.05186	-7.74816	
0	0	0	0	0	0	-9.40777	-5.26894	-8.92984	7.40108	-0.92291	0	0	
0	0	0	0	0	0	0	0	0	0	-5.07939	0	0.129508	
0	0	0	0	0	0	0	0	0	0	0	0	0