0	0	0	0	0	0	6.90522	0	0	0	0	0	0	
0	0	0	0	0	0	-7.3923	0	0	0	3.54607	0	0	
0	0	0	0	0	0	0	9.27047	0	0	-2.42673	0	0	
0	0	0	0	0	0	0	0	3.83442	0	7.01315	0	0	
0	0	0	0	0	0	0	0	0	0.18809	-3.62411	0	0	
0	0	0	0	0	0	0	0	0	0	6.28872	9.69644	0	
0	0	0	0	0	0	0.870593	-9.1484	0	0	6.94551	0	0	
0	0	0	0	0	0	0	-3.17537	-0.523136	0	-4.43197	0	0	
0	0	0	0	0	0	0	0	8.91528	-6.14106	3.7795	0	0	
0	0	0	0	0	0	0	0	0	-0.516386	7.14887	-1.53479	-9.19046	
0	0	0	0	0	0	1.47305	6.1924	-1.87501	8.02118	4.46214	0	0	
0	0	0	0	0	0	0	0	0	0	4.81798	0	-5.85094	
0	0	0	0	0	0	0	0	0	0	0	0	0